UB: 98
LB: 98.00000000000001
gap: -1.450087215836939e-16
running time: 27.416642904281616
