UB: 331
LB: 311.99999999999994
gap: 0.05740181268882193
running time: 3055.5030438899994
