UB: 670
LB: 633.3000000000001
gap: 0.05477611940298497
running time: 7750.529985904694
