UB: 279
LB: 276.99999999999994
gap: 0.007168458781362211
running time: 3777.867417573929
