UB: 447
LB: 434.753448275862
gap: 0.027397207436550306
running time: 705.540139913559
