UB: 466
LB: 461.1695652173913
gap: 0.010365739876842655
running time: 3885.196230173111
