UB: 46
LB: 45.0
gap: 0.021739130434782608
running time: 1.9733424186706543
