UB: 71
LB: 65.50000000000001
gap: 0.07746478873239417
running time: 825.4471838474274
